* Measurement data measured by REW V5.30 beta 5
* Source: U18dB [plughw:3,0], Mic (Mic), R, volume: 1.000. Timing signal peak level -19.9 dBFS, measurement signal peak level -14.5 dBFS
* Format: 256k Log Swept Sine, 1 sweep at -12.0 dBFS using an acoustic timing reference
* Dated: Sep 21, 2025 2:31:35 PM
* REW Settings:
*  C-weighting compensation: Off
*  Target level: 75.0 dB
* Note: ; LEFT+RIGHT restored white panels around the LP Speakers@120 Sofa blue mark=mic@449 from front wall Delay -0.0425 ms (-15 mm, -0.57 in) using estimated IR delay relative to Acoustic reference played from  L with no timing offset Clock adjustment: -6.9 ppm
* Measurement: L+R.120.Blue
* Smoothing: Variable
* Frequency Step: 96 ppo
* Start Frequency: 5.126953 Hz
*
* Freq(Hz) SPL(dB) Phase(degrees)
5.126953 52.123 -23.8358
5.164105 51.681 -25.1442
5.201526 51.048 -27.3369
5.239219 50.344 -30.3674
5.277184 49.640 -34.2176
5.315425 48.936 -38.9271
5.353943 48.226 -44.4746
5.392740 47.507 -50.6407
5.431818 46.797 -56.8474
5.471179 46.175 -62.1039
5.510825 45.798 -65.2702
5.550759 45.769 -64.8112
5.590982 46.041 -53.2534
5.631497 46.499 39.0551
5.672305 47.065 77.7648
5.713409 47.686 83.2118
5.754810 48.305 84.0959
5.796512 48.866 83.3482
5.838516 49.328 81.2766
5.880824 49.678 77.3393
5.923439 49.936 70.7420
5.966363 50.130 61.0795
6.009598 50.287 48.8435
6.053146 50.428 35.4158
6.097009 50.575 22.4255
6.141191 50.751 10.8802
6.185692 50.983 0.6516
6.230516 51.299 -9.5165
6.275665 51.712 -21.4360
6.321141 52.214 -36.1852
6.366947 52.773 -52.6334
6.413084 53.344 -67.9911
6.459556 53.882 -80.3583
6.506365 54.341 -89.5772
6.553513 54.686 -96.4339
6.601002 54.908 -102.0452
6.648836 55.024 -107.4977
6.697016 55.051 -113.4915
6.745545 54.990 -120.1502
6.794426 54.825 -127.1205
6.843661 54.537 -133.7625
6.893253 54.098 -139.3043
6.943205 53.457 -143.1187
6.993518 52.537 -145.0033
7.044196 51.277 -145.0646
7.095241 49.698 -143.2590
7.146656 47.937 -139.0154
7.198444 46.231 -131.2146
7.250607 44.873 -118.9640
7.303148 44.191 -103.8378
7.356069 44.448 -90.3978
7.409374 45.628 -81.4253
7.463066 47.447 -76.2619
7.517146 49.543 -73.3666
7.571618 51.570 -71.5868
7.626485 53.260 -70.2173
7.681750 54.480 -68.9034
7.737415 55.225 -67.5516
7.793484 55.576 -66.2015
7.849959 55.657 -64.9067
7.906843 55.607 -63.7024
7.964139 55.581 -62.6174
8.021850 55.734 -61.6282
8.079980 56.158 -60.6307
8.138531 56.839 -59.5670
8.197506 57.689 -58.5645
8.256908 58.605 -57.8850
8.316741 59.490 -57.7904
8.377008 60.270 -58.4966
8.437711 60.920 -60.1557
8.498854 61.454 -62.7690
8.560441 61.891 -66.1266
8.622473 62.234 -69.8883
8.684955 62.469 -73.7401
8.747890 62.571 -77.5439
8.811281 62.515 -81.4325
8.875131 62.287 -85.7294
8.939444 61.904 -90.6897
9.004223 61.416 -96.2635
9.069471 60.891 -102.0466
9.135192 60.379 -107.4738
9.201389 59.884 -112.1823
9.268066 59.387 -116.1980
9.335227 58.902 -119.7399
9.402873 58.501 -122.9504
9.471011 58.295 -125.8040
9.539641 58.392 -128.1479
9.608770 58.825 -129.8267
9.678399 59.510 -130.8338
9.748532 60.275 -131.3308
9.819174 60.956 -131.5441
9.890328 61.457 -131.6835
9.961997 61.765 -132.4316
10.034186 61.914 -133.0839
10.106898 61.948 -133.4472
10.180137 61.886 -133.2445
10.253906 61.722 -132.1591
10.328210 61.438 -129.6013
10.403053 61.045 -126.0051
10.478438 60.605 -121.8557
10.554369 60.244 -117.8714
10.630850 60.103 -114.5909
10.707885 60.244 -112.0698
10.785479 60.560 -110.2830
10.863635 60.817 -109.0275
10.942358 60.772 -108.1954
11.021650 60.267 -107.7545
11.101518 59.260 -107.7491
11.181964 57.862 -108.1880
11.262993 56.342 -108.6682
11.344609 55.031 -108.1934
11.426817 54.102 -105.7211
11.509621 53.546 -101.9234
11.593024 53.406 -99.6663
11.677032 53.932 -101.8638
11.761648 55.436 -108.3593
11.846878 57.775 -116.1389
11.932726 60.316 -122.9674
12.019195 62.559 -128.8265
12.106291 64.343 -134.4970
12.194018 65.703 -140.2252
12.282381 66.717 -145.4887
12.371384 67.425 -149.5724
12.461032 67.810 -152.2636
12.551330 67.866 -153.7987
12.642282 67.664 -154.4835
12.733894 67.383 -154.2885
12.826169 67.228 -152.9350
12.919112 67.287 -150.3320
13.012730 67.513 -147.0300
13.107025 67.837 -144.0067
13.202004 68.242 -142.0544
13.297671 68.716 -141.3200
13.394032 69.182 -141.4680
13.491090 69.502 -142.1081
13.588852 69.569 -143.0833
13.687323 69.373 -144.3625
13.786507 69.017 -145.7598
13.886409 68.661 -146.8394
13.987036 68.416 -147.2333
14.088392 68.312 -147.0240
14.190482 68.369 -146.6815
14.293312 68.646 -146.6649
14.396888 69.157 -147.1171
14.501213 69.792 -147.9783
14.606295 70.384 -149.2114
14.712138 70.834 -150.8291
14.818749 71.144 -152.7259
14.926131 71.366 -154.6194
15.034292 71.543 -156.2390
15.143237 71.696 -157.5159
15.252971 71.853 -158.5538
15.363500 72.058 -159.4513
15.474831 72.336 -160.2533
15.586968 72.667 -161.0460
15.699917 72.997 -161.9769
15.813685 73.285 -163.1562
15.928278 73.529 -164.5960
16.043701 73.743 -166.2659
16.159960 73.940 -168.1510
16.277062 74.123 -170.2245
16.395012 74.289 -172.4253
16.513817 74.438 -174.6961
16.633483 74.565 -176.9876
16.754016 74.656 -179.1985
16.875422 74.691 178.8032
16.997709 74.679 177.0737
17.120881 74.668 175.5886
17.244946 74.723 174.3242
17.369910 74.873 173.2256
17.495780 75.114 172.1335
17.622561 75.433 170.8737
17.750262 75.797 169.4040
17.878887 76.142 167.7962
18.008445 76.409 166.1196
18.138942 76.592 164.4261
18.270384 76.730 162.7941
18.402779 76.864 161.2789
18.536133 77.020 159.8263
18.670453 77.223 158.3073
18.805747 77.474 156.6293
18.942021 77.734 154.7698
19.079283 77.950 152.7287
19.217539 78.101 150.5312
19.356797 78.204 148.2524
19.497065 78.288 145.9687
19.638349 78.379 143.6916
19.780656 78.504 141.3834
19.923995 78.660 139.0322
20.068372 78.803 136.6783
20.213796 78.880 134.3769
20.360274 78.873 132.2178
20.507813 78.797 130.3342
20.656421 78.699 128.7949
20.806106 78.650 127.5268
20.956875 78.722 126.3613
21.108737 78.918 125.1028
21.261700 79.178 123.5667
21.415771 79.435 121.6811
21.570958 79.640 119.5363
21.727270 79.771 117.2830
21.884715 79.846 115.0632
22.043301 79.905 112.9820
22.203036 79.974 111.0681
22.363928 80.057 109.2666
22.525986 80.147 107.4841
22.689219 80.234 105.6336
22.853634 80.318 103.6353
23.019241 80.413 101.4388
23.186048 80.537 99.0186
23.354064 80.688 96.3738
23.523297 80.844 93.5347
23.693756 80.973 90.5815
23.865451 81.048 87.6397
24.038390 81.058 84.8596
24.212582 81.012 82.3898
24.388037 80.938 80.3206
24.564762 80.877 78.6325
24.742769 80.871 77.1501
24.922065 80.955 75.5662
25.102661 81.135 73.5278
25.284565 81.378 70.7766
25.467787 81.621 67.2242
25.652337 81.791 62.9694
25.838225 81.831 58.2324
26.025459 81.704 53.3035
26.214050 81.405 48.4870
26.404008 80.945 44.0840
26.595342 80.354 40.3685
26.788063 79.679 37.5699
26.982181 78.986 35.8126
27.177705 78.370 35.0410
27.374645 77.924 34.9553
27.573013 77.683 35.0638
27.772819 77.606 34.8607
27.974072 77.618 34.0046
28.176784 77.651 32.3778
28.380964 77.646 30.0265
28.586625 77.546 27.1023
28.793775 77.298 23.8354
29.002427 76.851 20.5590
29.212590 76.177 17.7192
29.424277 75.299 15.8713
29.637497 74.316 15.5846
29.852263 73.392 17.2215
30.068584 72.690 20.6437
30.286474 72.289 25.0944
30.505942 72.164 29.5897
30.727001 72.230 33.4909
30.949661 72.400 36.6648
31.173935 72.609 39.2644
31.399834 72.827 41.4839
31.627370 73.059 43.4299
31.856555 73.333 45.0602
32.087401 73.673 46.1958
32.319920 74.083 46.6212
32.554123 74.540 46.2063
32.790024 75.012 44.9909
33.027634 75.467 43.1825
33.266966 75.879 41.0726
33.508032 76.244 38.9085
33.750845 76.574 36.7546
33.995417 76.896 34.4160
34.241762 77.217 31.5100
34.489892 77.507 27.6796
34.739820 77.697 22.8142
34.991559 77.712 17.1316
35.245122 77.509 11.1305
35.500523 77.094 5.4297
35.757774 76.531 0.5670
36.016890 75.908 -3.2307
36.277883 75.290 -6.1163
36.540768 74.668 -8.4509
36.805557 73.981 -10.4626
37.072265 73.189 -12.0305
37.340906 72.324 -12.7645
37.611494 71.487 -12.3099
37.884042 70.771 -10.6234
38.158566 70.197 -7.9282
38.435078 69.742 -4.3644
38.713595 69.425 0.1248
38.994130 69.365 5.2852
39.276697 69.688 9.9833
39.561312 70.313 12.7821
39.847990 70.951 13.1549
40.136745 71.343 11.6190
40.427592 71.395 9.0173
40.720547 71.161 5.9814
41.015625 70.793 2.7781
41.312841 70.441 -0.5254
41.612211 70.143 -3.6841
41.913750 69.813 -6.0502
42.217475 69.386 -6.7905
42.523400 68.918 -5.4346
42.831542 68.529 -2.4110
43.141917 68.278 1.0140
43.454541 68.119 3.6604
43.769430 67.964 5.1996
44.086602 67.743 5.9579
44.406072 67.432 6.3391
44.727856 67.053 6.5182
45.051973 66.657 6.5425
45.378438 66.321 6.6662
45.707269 66.120 7.4824
46.038482 66.071 9.5232
46.372096 66.118 12.7377
46.708128 66.164 16.5626
47.046594 66.155 20.5299
47.387513 66.189 24.7539
47.730902 66.515 29.7672
48.076780 67.337 35.4869
48.425164 68.552 40.5451
48.776073 69.750 43.5681
49.129525 70.589 44.3136
49.485537 71.044 43.0635
49.844130 71.343 39.8533
50.205321 71.683 34.6119
50.569130 72.037 27.8249
50.935574 72.295 20.5863
51.304674 72.422 13.9186
51.676449 72.456 8.2977
52.050918 72.457 3.6497
52.428101 72.447 -0.4824
52.808016 72.381 -4.7097
53.190685 72.185 -9.5037
53.576126 71.842 -14.8945
53.964361 71.391 -20.3298
54.355409 70.886 -24.9935
54.749291 70.370 -28.5707
55.146027 69.887 -31.7148
55.545638 69.491 -35.5583
55.948144 69.221 -40.6282
56.353568 69.037 -46.4261
56.761929 68.818 -52.3268
57.173249 68.472 -58.5548
57.587550 68.048 -65.9884
58.004853 67.745 -75.1080
58.425180 67.746 -85.3546
58.848553 68.044 -96.0762
59.274994 68.552 -107.5537
59.704525 69.309 -120.1318
60.137169 70.396 -133.0333
60.572947 71.743 -145.1763
61.011884 73.176 -156.6671
61.454001 74.565 -168.4410
61.899322 75.844 178.9680
62.347870 76.970 165.9226
62.799669 77.919 153.2233
63.254741 78.690 141.3913
63.713111 79.318 130.4417
64.174802 79.860 120.1332
64.639839 80.362 110.2344
65.108246 80.834 100.5454
65.580047 81.244 90.8043
66.055268 81.532 80.7673
66.533931 81.632 70.4466
67.016064 81.486 60.2108
67.501690 81.078 50.6016
67.990835 80.455 42.0539
68.483524 79.724 34.7105
68.979784 78.979 28.3785
69.479640 78.239 22.6839
69.983118 77.460 17.3401
70.490245 76.590 12.2601
71.001046 75.588 7.4041
71.515549 74.396 2.6285
72.033780 72.907 -2.1276
72.555766 70.991 -6.2846
73.081535 68.655 -7.1049
73.611114 66.807 12.7830
74.144531 67.677 95.7285
74.681813 70.477 110.2088
75.222988 73.164 107.0478
75.768085 75.290 100.1448
76.317131 76.920 91.8923
76.870157 78.156 83.0671
77.427190 79.035 74.0441
77.988259 79.541 65.1501
78.553394 79.661 56.9598
79.122624 79.446 50.4299
79.695980 79.069 46.5379
80.273489 78.813 45.4194
80.855184 78.915 45.7256
81.441094 79.367 45.4283
82.031250 79.960 43.3617
82.625682 80.490 39.5126
83.224422 80.848 34.4409
83.827500 81.010 28.8582
84.434949 81.002 23.3953
85.046800 80.871 18.4174
85.663084 80.656 13.9681
86.283834 80.372 9.9446
86.909082 80.019 6.4083
87.538861 79.619 3.6644
88.173204 79.237 1.8714
88.812143 78.945 0.5696
89.455712 78.753 -1.1035
90.103945 78.578 -3.5998
90.756876 78.306 -6.5973
91.414537 77.870 -9.3738
92.076965 77.271 -11.2769
92.744193 76.567 -11.9258
93.416255 75.844 -11.2178
94.093188 75.196 -9.2590
94.775026 74.697 -6.3383
95.461805 74.371 -2.9500
96.153560 74.170 0.4058
96.850329 74.030 3.6366
97.552146 73.937 7.1489
98.259049 73.929 11.4131
98.971075 74.050 16.4592
99.688260 74.362 21.8218
100.410642 74.976 26.8120
101.138259 75.933 30.5991
101.871149 77.088 32.3574
102.609349 78.217 31.6733
103.352899 79.150 28.8320
104.101836 79.816 24.6763
104.856201 80.214 20.2383
105.616032 80.389 16.4523
106.381370 80.438 13.9988
107.152253 80.509 13.0918
107.928722 80.745 13.2087
108.710818 81.180 13.3107
109.498582 81.742 12.6451
110.292054 82.354 11.1177
111.091275 82.991 8.9114
111.896289 83.656 6.0712
112.707135 84.342 2.4582
113.523858 85.028 -2.1221
114.346498 85.676 -7.8450
115.175100 86.220 -14.7944
116.009706 86.568 -22.8246
116.850360 86.635 -31.4763
117.697106 86.371 -40.0427
118.549988 85.789 -47.7371
119.409050 84.960 -53.8774
120.274337 84.002 -58.0476
121.145895 83.037 -60.1581
122.023768 82.175 -60.3729
122.908002 81.510 -59.0430
123.798644 81.133 -56.7975
124.695740 81.090 -54.6226
125.599337 81.333 -53.6042
126.509482 81.716 -54.4259
127.426222 82.067 -57.1231
128.349605 82.262 -61.2351
129.279679 82.238 -66.0851
130.216493 81.993 -70.9894
131.160095 81.557 -75.3828
132.110535 80.978 -78.8712
133.067862 80.304 -81.1962
134.032127 79.580 -82.1214
135.003379 78.865 -81.3499
135.981669 78.264 -78.6726
136.967048 77.939 -74.4371
137.959568 78.019 -69.8940
138.959280 78.480 -66.6500
139.966236 79.156 -65.6639
140.980489 79.857 -67.0034
142.002092 80.448 -70.2382
143.031098 80.853 -74.7766
144.067560 81.041 -79.9930
145.111533 81.011 -85.2719
146.163071 80.795 -90.0656
147.222229 80.455 -94.0120
148.289062 80.074 -97.0831
149.363625 79.716 -99.6073
150.445976 79.389 -102.0065
151.536169 79.049 -104.4016
152.634263 78.657 -106.4637
153.740314 78.236 -107.6494
154.854379 77.892 -107.6965
155.976518 77.753 -107.0958
157.106788 77.866 -107.0027
158.245249 78.138 -108.4453
159.391959 78.407 -111.7059
160.546979 78.534 -116.4094
161.710369 78.436 -121.8815
162.882189 78.086 -127.3896
164.062500 77.495 -132.2452
165.251365 76.716 -135.8774
166.448844 75.839 -137.9515
167.655001 74.984 -138.5216
168.869898 74.263 -138.0919
170.093599 73.740 -137.4319
171.326167 73.399 -137.2089
172.567667 73.177 -137.7324
173.818164 73.013 -138.9683
175.077722 72.886 -140.7412
176.346407 72.829 -142.9813
177.624286 72.902 -145.9087
178.911425 73.151 -150.0371
180.207891 73.561 -155.9774
181.513751 74.064 -164.2178
182.829075 74.572 -175.0703
184.153930 75.023 171.2222
185.488385 75.384 154.3621
186.832510 75.648 134.0287
188.186376 75.824 110.2776
189.550052 75.917 84.3328
190.923610 75.928 58.7494
192.307121 75.860 35.9352
193.700657 75.728 16.8381
195.104292 75.579 1.2649
196.518098 75.482 -11.3893
197.942150 75.505 -21.8136
199.376520 75.676 -30.6931
200.821284 75.959 -38.6304
202.276518 76.280 -46.0504
203.742297 76.565 -53.1543
205.218698 76.767 -59.9492
206.705797 76.868 -66.3291
208.203673 76.879 -72.1581
209.712402 76.833 -77.3447
211.232065 76.773 -81.8939
212.762739 76.743 -85.9286
214.304506 76.772 -89.6633
215.857445 76.864 -93.3376
217.421637 77.005 -97.1479
218.997164 77.171 -101.2161
220.584107 77.335 -105.5966
222.182551 77.470 -110.2957
223.792577 77.554 -115.2823
225.414270 77.568 -120.4911
227.047715 77.499 -125.8264
228.692996 77.347 -131.1832
230.350200 77.122 -136.4756
232.019413 76.840 -141.6633
233.700721 76.518 -146.7590
235.394213 76.159 -151.8011
237.099976 75.754 -156.8042
238.818100 75.281 -161.7151
240.548675 74.716 -166.3973
242.291790 74.039 -170.6444
244.047536 73.247 -174.2058
245.816005 72.352 -176.8102
247.597289 71.386 -178.1730
249.391481 70.400 -178.0099
251.198674 69.464 -176.1235
253.018964 68.663 -172.6223
254.852443 68.068 -168.1741
256.699209 67.702 -163.9072
258.559357 67.523 -160.8052
260.432985 67.446 -159.1797
262.320190 67.388 -158.6771
264.221070 67.297 -158.5532
266.135725 67.162 -157.8879
268.064254 67.002 -155.7434
270.006758 66.858 -151.4512
271.963338 66.765 -145.1479
273.934097 66.740 -138.0820
275.919136 66.776 -131.8494
277.918560 66.857 -127.2291
279.932473 66.969 -124.0599
281.960979 67.116 -121.8519
284.004184 67.310 -120.2627
286.062195 67.558 -119.2292
288.135120 67.850 -118.8652
290.223066 68.161 -119.2771
292.326142 68.454 -120.4437
294.444458 68.701 -122.2002
296.578124 68.885 -124.2899
298.727251 69.009 -126.4310
300.891952 69.100 -128.3754
303.072339 69.197 -129.9603
305.268526 69.349 -131.1509
307.480627 69.593 -132.0631
309.708759 69.945 -132.9423
311.953036 70.390 -134.0931
314.213576 70.890 -135.7869
316.490498 71.397 -138.1938
318.783918 71.865 -141.3632
321.093958 72.260 -145.2408
323.420737 72.557 -149.7048
325.764377 72.743 -154.5944
328.125000 72.808 -159.7283
330.502729 72.753 -164.9115
332.897688 72.580 -169.9303
335.310002 72.296 -174.5330
337.739796 71.914 -178.3990
340.187198 71.453 178.9147
342.652335 70.947 178.0514
345.135335 70.440 179.9380
347.636328 69.994 -174.3024
350.155444 69.677 -164.1671
352.692815 69.551 -151.5242
355.248572 69.649 -140.3274
357.822850 69.963 -132.9718
360.415782 70.455 -129.2651
363.027503 71.072 -128.1492
365.658150 71.764 -128.7194
368.307860 72.492 -130.3884
370.976770 73.223 -132.8116
373.665021 73.932 -135.7972
376.372752 74.600 -139.2401
379.100104 75.211 -143.0770
381.847219 75.751 -147.2572
384.614242 76.214 -151.7263
387.401315 76.594 -156.4224
390.208585 76.892 -161.2760
393.036197 77.113 -166.2173
395.884299 77.265 -171.1842
398.753040 77.357 -176.1268
401.642569 77.400 178.9906
404.553037 77.404 174.1863
407.484595 77.379 169.4666
410.437396 77.329 164.8287
413.411594 77.259 160.2671
416.407345 77.171 155.7771
419.424805 77.064 151.3577
422.464130 76.935 147.0131
425.525479 76.782 142.7533
428.609012 76.602 138.5962
431.714889 76.393 134.5675
434.843274 76.152 130.6993
437.994327 75.881 127.0300
441.168215 75.579 123.6062
444.365101 75.251 120.4830
447.585154 74.903 117.7257
450.828541 74.543 115.4126
454.095430 74.185 113.6385
457.385993 73.846 112.5161
460.700400 73.548 112.1747
464.038825 73.319 112.7512
467.401442 73.184 114.3679
470.788425 73.166 117.0845
474.199952 73.277 120.8204
477.636201 73.514 125.2770
481.097349 73.861 129.9302
484.583579 74.291 134.1556
488.095072 74.776 137.4308
491.632010 75.286 139.4688
495.194578 75.797 140.2192
498.782962 76.292 139.7872
502.397349 76.758 138.3486
506.037927 77.187 136.0927
509.704887 77.577 133.1943
513.398418 77.925 129.8036
517.118715 78.232 126.0436
520.865970 78.501 122.0125
524.640380 78.731 117.7865
528.442140 78.925 113.4255
532.271450 79.080 108.9773
536.128508 79.197 104.4816
540.013516 79.273 99.9735
543.926677 79.305 95.4874
547.868194 79.292 91.0583
551.838273 79.231 86.7227
555.837120 79.123 82.5177
559.864945 78.966 78.4811
563.921957 78.765 74.6476
568.008368 78.522 71.0481
572.124391 78.245 67.7065
576.270240 77.939 64.6385
580.446132 77.615 61.8494
584.652284 77.282 59.3350
588.888915 76.950 57.0807
593.156247 76.629 55.0651
597.454502 76.329 53.2593
601.783903 76.059 51.6292
606.144678 75.826 50.1360
610.537052 75.636 48.7382
614.961255 75.490 47.3945
619.417518 75.389 46.0668
623.906072 75.331 44.7229
628.427153 75.311 43.3416
632.980995 75.322 41.9139
637.567836 75.359 40.4465
642.187916 75.414 38.9602
646.841474 75.483 37.4908
651.528754 75.561 36.0864
656.250000 75.646 34.8030
661.005458 75.738 33.7012
665.795376 75.838 32.8379
670.620004 75.947 32.2545
675.479593 76.070 31.9622
680.374396 76.208 31.9301
685.304670 76.362 32.0762
690.270670 76.531 32.2726
695.272656 76.709 32.3655
700.310888 76.890 32.2070
705.385629 77.063 31.6844
710.497144 77.217 30.7380
715.645700 77.342 29.3623
720.831563 77.430 27.5989
726.055006 77.471 25.5233
731.316300 77.462 23.2299
736.615719 77.399 20.8210
741.953540 77.281 18.3986
747.330042 77.112 16.0564
752.745503 76.894 13.8759
758.200207 76.635 11.9197
763.694439 76.341 10.2278
769.228483 76.023 8.8165
774.802630 75.689 7.6785
780.417169 75.350 6.7854
786.072394 75.015 6.0963
791.768598 74.694 5.5647
797.506080 74.392 5.1487
803.285138 74.114 4.8165
809.106073 73.860 4.5491
814.969189 73.630 4.3394
820.874792 73.421 4.1884
826.823189 73.228 4.1013
832.814691 73.048 4.0845
838.849609 72.876 4.1443
844.928259 72.709 4.2881
851.050958 72.542 4.5255
857.218024 72.377 4.8689
863.429779 72.211 5.3308
869.686547 72.047 5.9202
875.988654 71.889 6.6376
882.336429 71.738 7.4695
888.730203 71.600 8.3885
895.170308 71.479 9.3567
901.657081 71.378 10.3309
908.190860 71.302 11.2710
914.771985 71.251 12.1465
921.400800 71.230 12.9388
928.077650 71.238 13.6401
934.802884 71.276 14.2490
941.576851 71.345 14.7649
948.399905 71.443 15.1852
955.272401 71.566 15.5033
962.194699 71.709 15.7102
969.167158 71.867 15.7976
976.190143 72.031 15.7622
983.264019 72.196 15.6101
990.389156 72.356 15.3589
997.565924 72.505 15.0356
1004.794698 72.640 14.6737
1012.075854 72.761 14.3075
1019.409773 72.869 13.9653
1026.796836 72.965 13.6619
1034.237430 73.054 13.3940
1041.731940 73.139 13.1403
1049.280759 73.223 12.8649
1056.884280 73.309 12.5236
1064.542900 73.396 12.0717
1072.257016 73.486 11.4712
1080.027033 73.576 10.6963
1087.853354 73.665 9.7361
1095.736387 73.752 8.5924
1103.676545 73.833 7.2765
1111.674240 73.909 5.8057
1119.729890 73.978 4.2012
1127.843914 74.039 2.4843
1136.016736 74.093 0.6743
1144.248782 74.138 -1.2101
1152.540480 74.176 -3.1523
1160.892264 74.205 -5.1360
1169.304568 74.224 -7.1461
1177.777830 74.235 -9.1686
1186.312494 74.235 -11.1885
1194.909003 74.224 -13.1904
1203.567807 74.201 -15.1595
1212.289355 74.166 -17.0809
1221.074104 74.119 -18.9396
1229.922510 74.059 -20.7224
1238.835035 73.988 -22.4180
1247.812145 73.905 -24.0165
1256.854306 73.811 -25.5104
1265.961990 73.708 -26.8959
1275.135673 73.596 -28.1720
1284.375831 73.477 -29.3412
1293.682948 73.353 -30.4095
1303.057508 73.223 -31.3857
1312.500000 73.091 -32.2815
1322.010916 72.958 -33.1097
1331.590752 72.825 -33.8823
1341.240008 72.693 -34.6116
1350.959186 72.566 -35.3081
1360.748793 72.443 -35.9791
1370.609339 72.328 -36.6278
1380.541340 72.220 -37.2533
1390.545311 72.120 -37.8508
1400.621776 72.031 -38.4132
1410.771259 71.953 -38.9301
1420.994289 71.885 -39.3892
1431.291399 71.830 -39.7773
1441.663127 71.786 -40.0823
1452.110012 71.756 -40.2937
1462.632600 71.738 -40.4039
1473.231438 71.733 -40.4092
1483.907081 71.741 -40.3108
1494.660083 71.762 -40.1163
1505.491006 71.794 -39.8403
1516.400415 71.837 -39.5037
1527.388877 71.891 -39.1332
1538.456967 71.954 -38.7596
1549.605260 72.025 -38.4161
1560.834338 72.102 -38.1353
1572.144787 72.184 -37.9459
1583.537197 72.269 -37.8710
1595.012160 72.356 -37.9263
1606.570276 72.445 -38.1204
1618.212146 72.532 -38.4551
1629.938378 72.619 -38.9264
1641.749584 72.704 -39.5259
1653.646378 72.786 -40.2429
1665.629381 72.866 -41.0660
1677.699218 72.943 -41.9832
1689.856519 73.018 -42.9834
1702.101915 73.090 -44.0571
1714.436048 73.160 -45.1960
1726.859558 73.227 -46.3934
1739.373094 73.290 -47.6432
1751.977309 73.349 -48.9401
1764.672858 73.404 -50.2794
1777.460405 73.454 -51.6572
1790.340616 73.498 -53.0688
1803.314162 73.536 -54.5095
1816.381720 73.567 -55.9750
1829.543971 73.590 -57.4606
1842.801601 73.607 -58.9622
1856.155301 73.616 -60.4752
1869.605767 73.617 -61.9957
1883.153701 73.610 -63.5194
1896.799809 73.597 -65.0427
1910.544802 73.575 -66.5610
1924.389398 73.547 -68.0714
1938.334317 73.512 -69.5703
1952.380286 73.471 -71.0541
1966.528038 73.423 -72.5199
1980.778311 73.370 -73.9651
1995.131847 73.311 -75.3872
2009.589395 73.248 -76.7842
2024.151708 73.179 -78.1538
2038.819546 73.107 -79.4943
2053.593673 73.032 -80.8049
2068.474859 72.954 -82.0844
2083.463881 72.873 -83.3315
2098.561519 72.791 -84.5448
2113.768561 72.708 -85.7231
2129.085799 72.624 -86.8649
2144.514032 72.541 -87.9680
2160.054065 72.458 -89.0309
2175.706707 72.378 -90.0518
2191.472775 72.300 -91.0294
2207.353090 72.226 -91.9646
2223.348480 72.157 -92.8585
2239.459780 72.094 -93.7140
2255.687829 72.038 -94.5359
2272.033473 71.990 -95.3311
2288.497564 71.951 -96.1082
2305.080960 71.921 -96.8771
2321.784527 71.901 -97.6484
2338.609135 71.890 -98.4337
2355.555661 71.889 -99.2443
2372.624988 71.895 -100.0902
2389.818007 71.909 -100.9801
2407.135613 71.929 -101.9205
2424.578710 71.954 -102.9160
2442.148207 71.982 -103.9695
2459.845020 72.012 -105.0811
2477.670071 72.043 -106.2491
2495.624289 72.072 -107.4702
2513.708612 72.100 -108.7395
2531.923981 72.124 -110.0508
2550.271346 72.144 -111.3971
2568.751663 72.158 -112.7701
2587.365896 72.167 -114.1611
2606.115016 72.170 -115.5601
2625.000000 72.165 -116.9575
2644.021832 72.154 -118.3431
2663.181504 72.137 -119.7070
2682.480015 72.112 -121.0392
2701.918371 72.082 -122.3303
2721.497586 72.047 -123.5728
2741.218679 72.008 -124.7601
2761.082679 71.965 -125.8884
2781.090623 71.922 -126.9556
2801.243552 71.877 -127.9619
2821.542517 71.835 -128.9108
2841.988577 71.794 -129.8091
2862.582798 71.757 -130.6653
2883.326253 71.725 -131.4902
2904.220024 71.699 -132.2959
2925.265199 71.678 -133.0961
2946.462877 71.664 -133.9043
2967.814161 71.656 -134.7327
2989.320166 71.653 -135.5917
3010.982012 71.655 -136.4902
3032.800829 71.662 -137.4344
3054.777754 71.672 -138.4285
3076.913933 71.684 -139.4735
3099.210520 71.698 -140.5685
3121.668677 71.713 -141.7108
3144.289575 71.729 -142.8965
3167.074393 71.744 -144.1206
3190.024320 71.759 -145.3771
3213.140551 71.774 -146.6599
3236.424292 71.788 -147.9639
3259.876757 71.802 -149.2841
3283.499167 71.817 -150.6152
3307.292756 71.832 -151.9537
3331.258763 71.848 -153.2979
3355.398437 71.865 -154.6458
3379.713037 71.885 -155.9968
3404.203831 71.907 -157.3522
3428.872095 71.931 -158.7134
3453.719116 71.958 -160.0819
3478.746188 71.988 -161.4608
3503.954617 72.021 -162.8536
3529.345717 72.056 -164.2627
3554.920811 72.094 -165.6912
3580.681232 72.133 -167.1412
3606.628325 72.174 -168.6150
3632.763440 72.215 -170.1141
3659.087942 72.257 -171.6390
3685.603201 72.298 -173.1901
3712.310601 72.339 -174.7664
3739.211534 72.379 -176.3669
3766.307402 72.417 -177.9897
3793.599618 72.452 -179.6324
3821.089605 72.486 178.7081
3848.778795 72.517 177.0344
3876.668633 72.544 175.3497
3904.760572 72.569 173.6570
3933.056077 72.591 171.9598
3961.556622 72.610 170.2618
3990.263695 72.625 168.5658
4019.178790 72.637 166.8743
4048.303417 72.646 165.1903
4077.639092 72.652 163.5167
4107.187346 72.655 161.8563
4136.949718 72.656 160.2109
4166.927761 72.653 158.5830
4197.123038 72.648 156.9740
4227.537121 72.640 155.3861
4258.171598 72.630 153.8210
4289.028065 72.618 152.2802
4320.108130 72.604 150.7642
4351.413415 72.589 149.2737
4382.945550 72.572 147.8091
4414.706180 72.555 146.3704
4446.696961 72.537 144.9579
4478.919560 72.518 143.5715
4511.375658 72.500 142.2103
4544.066945 72.483 140.8734
4576.995128 72.466 139.5601
4610.161921 72.451 138.2692
4643.569055 72.437 136.9999
4677.218270 72.425 135.7507
4711.111322 72.416 134.5201
4745.249977 72.409 133.3066
4779.636014 72.405 132.1093
4814.271227 72.404 130.9257
4849.157421 72.406 129.7544
4884.296414 72.412 128.5936
4919.690040 72.421 127.4419
4955.340142 72.434 126.2974
4991.248579 72.450 125.1584
5027.417224 72.469 124.0240
5063.847961 72.491 122.8920
5100.542691 72.516 121.7606
5137.503326 72.544 120.6285
5174.731793 72.573 119.4951
5212.230033 72.605 118.3595
5250.000000 72.637 117.2207
5288.043664 72.671 116.0782
5326.363008 72.705 114.9318
5364.960030 72.740 113.7811
5403.836742 72.774 112.6263
5442.995171 72.808 111.4677
5482.437358 72.841 110.3053
5522.165359 72.873 109.1399
5562.181245 72.904 107.9714
5602.487104 72.932 106.8002
5643.085035 72.959 105.6272
5683.977155 72.984 104.4535
5725.165596 73.006 103.2800
5766.652506 73.025 102.1079
5808.440048 73.042 100.9387
5850.530399 73.057 99.7742
5892.925754 73.068 98.6154
5935.628323 73.078 97.4645
5978.640332 73.085 96.3230
6021.964025 73.089 95.1918
6065.601659 73.092 94.0720
6109.555509 73.093 92.9648
6153.827866 73.092 91.8715
6198.421040 73.091 90.7922
6243.337354 73.088 89.7275
6288.579150 73.085 88.6772
6334.148787 73.081 87.6414
6380.048640 73.078 86.6191
6426.281102 73.074 85.6095
6472.848584 73.071 84.6112
6519.753513 73.069 83.6230
6566.998335 73.068 82.6436
6614.585512 73.069 81.6711
6662.517525 73.070 80.7037
6710.796874 73.073 79.7397
6759.426074 73.077 78.7773
6808.407662 73.083 77.8157
6857.744190 73.090 76.8534
6907.438232 73.098 75.8892
6957.492377 73.108 74.9220
7007.909234 73.119 73.9513
7058.691434 73.131 72.9771
7109.841621 73.144 71.9995
7161.362465 73.158 71.0179
7213.256649 73.172 70.0325
7265.526880 73.187 69.0438
7318.175883 73.202 68.0526
7371.206402 73.218 67.0596
7424.621202 73.233 66.0659
7478.423068 73.249 65.0723
7532.614805 73.264 64.0789
7587.199237 73.280 63.0868
7642.179210 73.294 62.0967
7697.557591 73.309 61.1085
7753.337266 73.324 60.1221
7809.521144 73.338 59.1375
7866.112154 73.352 58.1544
7923.113245 73.365 57.1732
7980.527390 73.379 56.1934
8038.357581 73.392 55.2139
8096.606833 73.406 54.2346
8155.278184 73.419 53.2546
8214.374692 73.432 52.2721
8273.899437 73.445 51.2859
8333.855523 73.458 50.2949
8394.246075 73.470 49.2979
8455.074243 73.482 48.2936
8516.343196 73.494 47.2821
8578.056130 73.505 46.2631
8640.216260 73.515 45.2358
8702.826829 73.525 44.2007
8765.891100 73.533 43.1575
8829.412360 73.540 42.1068
8893.393922 73.545 41.0493
8957.839120 73.549 39.9855
9022.751315 73.552 38.9159
9088.133891 73.552 37.8414
9153.990255 73.551 36.7634
9220.323842 73.548 35.6829
9287.138109 73.543 34.6011
9354.436540 73.536 33.5194
9422.222644 73.527 32.4386
9490.499953 73.516 31.3595
9559.272028 73.503 30.2832
9628.542454 73.488 29.2098
9698.314841 73.471 28.1399
9768.592829 73.452 27.0732
9839.380079 73.432 26.0104
9910.680283 73.408 24.9510
9982.497158 73.383 23.8953
10054.834447 73.356 22.8429
10127.695923 73.326 21.7943
10201.085382 73.294 20.7493
10275.006652 73.260 19.7075
10349.463586 73.223 18.6694
10424.460065 73.183 17.6351
10500.000000 73.142 16.6051
10576.087328 73.098 15.5793
10652.726017 73.052 14.5581
10729.920061 73.003 13.5420
10807.673485 72.953 12.5312
10885.990342 72.901 11.5262
10964.874715 72.848 10.5273
11044.330718 72.793 9.5343
11124.362491 72.737 8.5477
11204.974207 72.680 7.5681
11286.170069 72.622 6.5955
11367.954310 72.564 5.6294
11450.331193 72.505 4.6700
11533.305013 72.447 3.7168
11616.880095 72.389 2.7695
11701.060797 72.331 1.8278
11785.851507 72.273 0.8915
11871.256646 72.217 -0.0389
11957.280665 72.161 -0.9636
12043.928050 72.106 -1.8827
12131.203317 72.051 -2.7957
12219.111017 71.998 -3.7024
12307.655733 71.946 -4.6023
12396.842080 71.895 -5.4954
12486.674708 71.845 -6.3812
12577.158300 71.797 -7.2595
12668.297573 71.750 -8.1298
12760.097280 71.704 -8.9919
12852.562205 71.660 -9.8452
12945.697169 71.617 -10.6895
13039.507027 71.576 -11.5243
13133.996670 71.536 -12.3497
13229.171024 71.497 -13.1660
13325.035051 71.460 -13.9735
13421.593747 71.425 -14.7722
13518.852148 71.390 -15.5624
13616.815324 71.358 -16.3429
13715.488381 71.327 -17.1135
13814.876464 71.297 -17.8745
13914.984753 71.269 -18.6251
14015.818469 71.242 -19.3650
14117.382867 71.216 -20.0944
14219.683243 71.192 -20.8134
14322.724929 71.169 -21.5221
14426.513298 71.148 -22.2207
14531.053761 71.128 -22.9093
14636.351766 71.109 -23.5884
14742.412805 71.091 -24.2593
14849.242405 71.074 -24.9215
14956.846137 71.058 -25.5764
15065.229609 71.043 -26.2256
15174.398473 71.029 -26.8700
15284.358420 71.016 -27.5107
15395.115182 71.003 -28.1492
15506.674532 70.990 -28.7869
15619.042288 70.978 -29.4255
15732.224307 70.965 -30.0668
15846.226490 70.953 -30.7124
15961.054779 70.940 -31.3643
16076.715162 70.927 -32.0248
16193.213667 70.914 -32.6958
16310.556368 70.899 -33.3800
16428.749383 70.885 -34.0802
16547.798874 70.869 -34.7986
16667.711046 70.852 -35.5382
16788.492151 70.835 -36.3020
16910.148485 70.816 -37.0935
17032.686392 70.797 -37.9152
17156.112259 70.776 -38.7709
17280.432521 70.755 -39.6649
17405.653658 70.734 -40.5980
17531.782199 70.711 -41.5742
17658.824720 70.689 -42.6128
17786.787844 70.666 -43.7051
17915.678240 70.643 -44.8102
18045.502630 70.621 -45.9438
18176.267781 70.599 -47.1246
18307.980510 70.578 -48.3549
18440.647684 70.557 -49.6387
18574.276219 70.538 -50.9795
18708.873081 70.520 -52.3799
18844.445288 70.503 -53.8419
18980.999906 70.488 -55.3673
19118.544056 70.474 -56.9575
19257.084907 70.462 -58.6122
19396.629683 70.452 -60.3313
19537.185657 70.443 -62.1150
19678.760158 70.435 -63.9633
19821.360566 70.429 -65.8774
19964.994316 70.424 -67.8751
20109.668895 70.420 -69.7529
20255.391845 70.417 -71.5840
20402.170764 70.415 -73.4517
20550.013304 70.413 -75.3513
20698.927171 70.412 -77.2793
20848.920130 70.412 -79.2319
21000.000000 70.412 -81.2065
21152.174657 70.411 -83.2004
21305.452034 70.411 -85.2117
21459.840122 70.411 -87.2390
21615.346970 70.411 -89.2817
21771.980684 70.411 -91.3398
21929.749431 70.411 -93.4126
22088.661435 70.411 -95.5005
