* Measurement data measured by REW V5.30 beta 5
* Source: U18dB [plughw:3,0], Mic (Mic), R, volume: 1.000. Timing signal peak level -20.5 dBFS, measurement signal peak level -18.9 dBFS
* Format: 256k Log Swept Sine, 1 sweep at -12.0 dBFS using an acoustic timing reference
* Dated: Sep 21, 2025 2:29:46 PM
* REW Settings:
*  C-weighting compensation: Off
*  Target level: 69.5 dB
* Note: ; LEFT restored white panels around the LP Speakers@120 Sofa blue mark=mic@449 from front wall Delay -0.0407 ms (-14 mm, -0.55 in) using estimated IR delay relative to Acoustic reference played from  L with no timing offset Clock adjustment: -6.7 ppm
* Measurement: L.120.Blue
* Smoothing: Psychoacoustic
* Frequency Step: 96 ppo
* Start Frequency: 5.126953 Hz
*
* Freq(Hz) SPL(dB) Phase(degrees)
5.126953 47.259 -129.6214
5.164105 47.425 -175.0198
5.201526 47.599 158.2186
5.239219 47.779 145.6819
5.277184 47.967 138.7725
5.315425 48.161 134.3138
5.353943 48.360 131.0839
5.392740 48.565 128.5364
5.431818 48.773 126.3948
5.471179 48.985 124.5054
5.510825 49.200 122.7765
5.550759 49.417 121.1503
5.590982 49.635 119.5891
5.631497 49.853 118.0680
5.672305 50.071 116.5698
5.713409 50.288 115.0833
5.754810 50.503 113.6013
5.796512 50.715 112.1196
5.838516 50.924 110.6361
5.880824 51.130 109.1508
5.923439 51.331 107.6649
5.966363 51.526 106.1809
6.009598 51.717 104.7023
6.053146 51.901 103.2332
6.097009 52.079 101.7780
6.141191 52.251 100.3421
6.185692 52.416 98.9306
6.230516 52.574 97.5489
6.275665 52.725 96.2024
6.321141 52.869 94.8965
6.366947 53.006 93.6361
6.413084 53.137 92.4261
6.459556 53.261 91.2709
6.506365 53.380 90.1745
6.553513 53.493 89.1404
6.601002 53.601 88.1718
6.648836 53.704 87.2712
6.697016 53.804 86.4408
6.745545 53.901 85.6821
6.794426 53.996 84.9965
6.843661 54.090 84.3847
6.893253 54.183 83.8476
6.943205 54.277 83.3856
6.993518 54.371 82.9999
7.044196 54.468 82.6921
7.095241 54.566 82.4659
7.146656 54.667 82.3281
7.198444 54.771 82.2924
7.250607 54.877 82.3865
7.303148 54.987 82.6697
7.356069 55.100 83.2867
7.409374 55.216 84.6800
7.463066 55.334 89.0558
7.517146 55.455 171.6183
7.571618 55.577 -108.8516
7.626485 55.702 -104.4864
7.681750 55.827 -103.0282
7.737415 55.954 -102.3081
7.793484 56.082 -101.8878
7.849959 56.211 -101.6231
7.906843 56.341 -101.4544
7.964139 56.472 -101.3538
8.021850 56.605 -101.3080
8.079980 56.740 -101.3106
8.138531 56.878 -101.3598
8.197506 57.018 -101.4561
8.256908 57.163 -101.6019
8.316741 57.313 -101.8008
8.377008 57.468 -102.0574
8.437711 57.630 -102.3765
8.498854 57.798 -102.7637
8.560441 57.974 -103.2239
8.622473 58.158 -103.7617
8.684955 58.350 -104.3806
8.747890 58.550 -105.0826
8.811281 58.758 -105.8676
8.875131 58.974 -106.7331
8.939444 59.196 -107.6737
9.004223 59.426 -108.6814
9.069471 59.661 -109.7451
9.135192 59.900 -110.8511
9.201389 60.144 -111.9840
9.268066 60.391 -113.1269
9.335227 60.639 -114.2627
9.402873 60.889 -115.3748
9.471011 61.140 -116.4479
9.539641 61.390 -117.4690
9.608770 61.638 -118.4276
9.678399 61.885 -119.3160
9.748532 62.130 -120.1297
9.819174 62.371 -120.8669
9.890328 62.608 -121.5528
9.961997 62.842 -122.8001
10.034186 63.070 -123.9807
10.106898 63.294 -125.1016
10.180137 63.513 -126.1713
10.253906 63.726 -127.1990
10.328210 63.933 -127.8332
10.403053 64.134 -128.4460
10.478438 64.328 -129.0482
10.554369 64.516 -129.6501
10.630850 64.697 -130.2423
10.707885 64.871 -130.7334
10.785479 65.037 -131.2530
10.863635 65.196 -131.8094
10.942358 65.347 -132.4096
11.021650 65.490 -133.0219
11.101518 65.624 -133.6416
11.181964 65.750 -134.3197
11.262993 65.868 -135.0587
11.344609 65.977 -135.8600
11.426817 66.076 -136.6697
11.509621 66.167 -137.5349
11.593024 66.249 -138.4592
11.677032 66.322 -139.4395
11.761648 66.386 -140.4490
11.846878 66.442 -141.4832
11.932726 66.488 -142.5575
12.019195 66.527 -143.6651
12.106291 66.557 -144.7891
12.194018 66.580 -145.9025
12.282381 66.595 -147.0235
12.371384 66.603 -148.1427
12.461032 66.606 -149.2472
12.551330 66.602 -150.3058
12.642282 66.594 -151.3343
12.733894 66.582 -152.3241
12.826169 66.566 -153.2660
12.919112 66.548 -154.1361
13.012730 66.529 -154.9501
13.107025 66.510 -155.7057
13.202004 66.491 -156.3989
13.297671 66.474 -157.0205
13.394032 66.459 -157.5890
13.491090 66.449 -158.1102
13.588852 66.443 -158.5851
13.687323 66.443 -159.0193
13.786507 66.449 -159.4330
13.886409 66.462 -159.8370
13.987036 66.483 -160.2344
14.088392 66.512 -160.6412
14.190482 66.549 -161.0715
14.293312 66.595 -161.5343
14.396888 66.649 -162.0305
14.501213 66.711 -162.5779
14.606295 66.782 -163.1835
14.712138 66.860 -163.8481
14.818749 66.946 -164.5774
14.926131 67.040 -165.3775
15.034292 67.140 -166.2487
15.143237 67.247 -167.1866
15.252971 67.360 -168.1958
15.363500 67.479 -169.2740
15.474831 67.603 -170.4140
15.586968 67.731 -171.6155
15.699917 67.864 -172.8749
15.813685 68.002 -174.1850
15.928278 68.143 -175.5415
16.043701 68.287 -176.9417
16.159960 68.434 -178.3795
16.277062 68.584 -179.8495
16.395012 68.736 178.6501
16.513817 68.890 177.1242
16.633483 69.046 175.5772
16.754016 69.203 174.0102
16.875422 69.361 172.4263
16.997709 69.520 170.8285
17.120881 69.679 169.2174
17.244946 69.839 167.5950
17.369910 69.998 165.9631
17.495780 70.157 164.3215
17.622561 70.315 162.6710
17.750262 70.472 161.0121
17.878887 70.628 159.3451
18.008445 70.783 157.6703
18.138942 70.936 155.9878
18.270384 71.087 154.2979
18.402779 71.237 152.6005
18.536133 71.384 150.8960
18.670453 71.528 149.1844
18.805747 71.671 147.4646
18.942021 71.810 145.7382
19.079283 71.947 144.0052
19.217539 72.081 142.2659
19.356797 72.212 140.5209
19.497065 72.340 138.7699
19.638349 72.464 137.0136
19.780656 72.585 135.2531
19.923995 72.702 133.4872
20.068372 72.816 131.7181
20.213796 72.926 129.9454
20.360274 73.032 128.1696
20.507813 73.134 126.3918
20.656421 73.232 124.6102
20.806106 73.326 122.8273
20.956875 73.415 121.0417
21.108737 73.501 119.2540
21.261700 73.582 117.4653
21.415771 73.658 115.6741
21.570958 73.730 113.8827
21.727270 73.798 112.0890
21.884715 73.861 110.2946
22.043301 73.919 108.4993
22.203036 73.972 106.7028
22.363928 74.020 104.9063
22.525986 74.063 103.1076
22.689219 74.102 101.3098
22.853634 74.135 99.5110
23.019241 74.162 97.7137
23.186048 74.185 95.9164
23.354064 74.201 94.1212
23.523297 74.212 92.3286
23.693756 74.218 90.5397
23.865451 74.217 88.7570
24.038390 74.210 86.9814
24.212582 74.197 85.2167
24.388037 74.178 83.4641
24.564762 74.152 81.7289
24.742769 74.119 80.0128
24.922065 74.080 78.3223
25.102661 74.034 76.6599
25.284565 73.981 75.0333
25.467787 73.921 73.4453
25.652337 73.855 71.9047
25.838225 73.782 70.4150
26.025459 73.702 68.9854
26.214050 73.617 67.6198
26.404008 73.525 66.3268
26.595342 73.428 65.1106
26.788063 73.326 63.9788
26.982181 73.220 62.9352
27.177705 73.111 61.9852
27.374645 72.999 61.1311
27.573013 72.886 60.3743
27.772819 72.773 59.7148
27.974072 72.661 59.1491
28.176784 72.551 58.6741
28.380964 72.445 58.2811
28.586625 72.345 57.9627
28.793775 72.251 57.7047
29.002427 72.165 57.4960
29.212590 72.089 57.3210
29.424277 72.022 57.1645
29.637497 71.966 57.0115
29.852263 71.922 56.8452
30.068584 71.889 56.6539
30.286474 71.867 56.4238
30.505942 71.855 56.1449
30.727001 71.854 55.8089
30.949661 71.861 55.4086
31.173935 71.876 54.9413
31.399834 71.896 54.4036
31.627370 71.922 53.7961
31.856555 71.951 53.1207
32.087401 71.981 52.3784
32.319920 72.012 51.5751
32.554123 72.042 50.7152
32.790024 72.070 49.8041
33.027634 72.094 48.8494
33.266966 72.114 47.8575
33.508032 72.130 46.8358
33.750845 72.139 45.7932
33.995417 72.142 44.7376
34.241762 72.138 43.6775
34.489892 72.127 42.6218
34.739820 72.109 41.5786
34.991559 72.083 40.5524
35.245122 72.050 39.5601
35.500523 72.010 38.6143
35.757774 71.964 37.7269
36.016890 71.912 36.8991
36.277883 71.855 36.1375
36.540768 71.794 35.4482
36.805557 71.730 34.8364
37.072265 71.664 34.3069
37.340906 71.599 33.8627
37.611494 71.536 33.5042
37.884042 71.476 33.2330
38.158566 71.423 33.0471
38.435078 71.377 32.9421
38.713595 71.341 32.9100
38.994130 71.318 32.9438
39.276697 71.309 33.0326
39.561312 71.315 33.1634
39.847990 71.338 33.3192
40.136745 71.378 33.4862
40.427592 71.435 33.6474
40.720547 71.511 33.7856
41.015625 71.602 33.8842
41.312841 71.710 33.9272
41.612211 71.831 33.9017
41.913750 71.965 33.7954
42.217475 72.110 33.5981
42.523400 72.263 33.3014
42.831542 72.423 32.8992
43.141917 72.587 32.3875
43.454541 72.755 31.7633
43.769430 72.925 31.0253
44.086602 73.094 30.1731
44.406072 73.262 29.2076
44.727856 73.428 28.1308
45.051973 73.590 26.9454
45.378438 73.748 25.6543
45.707269 73.900 24.2605
46.038482 74.046 22.7677
46.372096 74.186 21.1801
46.708128 74.319 19.5016
47.046594 74.443 17.7363
47.387513 74.560 15.8881
47.730902 74.668 13.9609
48.076780 74.767 11.9592
48.425164 74.856 9.8873
48.776073 74.936 7.7491
49.129525 75.006 5.5483
49.485537 75.066 3.2897
49.844130 75.116 0.9772
50.205321 75.155 -1.3855
50.569130 75.183 -3.7939
50.935574 75.202 -6.2438
51.304674 75.209 -8.7308
51.676449 75.207 -11.2509
52.050918 75.194 -13.7998
52.428101 75.172 -16.3740
52.808016 75.140 -18.9696
53.190685 75.099 -21.5830
53.576126 75.049 -24.2104
53.964361 74.991 -26.8492
54.355409 74.926 -29.4960
54.749291 74.853 -32.1476
55.146027 74.774 -34.8014
55.545638 74.689 -37.4551
55.948144 74.600 -40.1063
56.353568 74.506 -42.7524
56.761929 74.410 -45.3904
57.173249 74.311 -48.0178
57.587550 74.211 -50.6319
58.004853 74.111 -53.2310
58.425180 74.011 -55.8122
58.848553 73.913 -58.3726
59.274994 73.818 -60.9089
59.704525 73.727 -63.4183
60.137169 73.640 -65.8975
60.572947 73.560 -68.3434
61.011884 73.486 -70.7520
61.454001 73.419 -73.1198
61.899322 73.361 -75.4443
62.347870 73.313 -77.7231
62.799669 73.275 -79.9583
63.254741 73.247 -82.1584
63.713111 73.232 -84.3511
64.174802 73.228 -86.6193
64.639839 73.237 -89.2939
65.108246 73.258 -95.4073
65.580047 73.293 96.3484
66.055268 73.342 90.5124
66.533931 73.403 88.3344
67.016064 73.478 86.8036
67.501690 73.565 85.5848
67.990835 73.664 84.5847
68.483524 73.775 83.7646
68.979784 73.896 83.1002
69.479640 74.027 82.5702
69.983118 74.166 82.1527
70.490245 74.313 81.8231
71.001046 74.464 81.5552
71.515549 74.621 81.3191
72.033780 74.780 81.0854
72.555766 74.941 80.8245
73.081535 75.102 80.5073
73.611114 75.263 80.1093
74.144531 75.421 79.6075
74.681813 75.575 78.9869
75.222988 75.725 78.2336
75.768085 75.870 77.3413
76.317131 76.008 76.3057
76.870157 76.139 75.1282
77.427190 76.262 73.8121
77.988259 76.376 72.3644
78.553394 76.481 70.7931
79.122624 76.576 69.1083
79.695980 76.661 67.3205
80.273489 76.735 65.4410
80.855184 76.799 63.4818
81.441094 76.852 61.4547
82.031250 76.894 59.3712
82.625682 76.926 57.2430
83.224422 76.946 55.0807
83.827500 76.956 52.8950
84.434949 76.955 50.6965
85.046800 76.944 48.4937
85.663084 76.923 46.2957
86.283834 76.893 44.1109
86.909082 76.854 41.9468
87.538861 76.807 39.8096
88.173204 76.752 37.7056
88.812143 76.690 35.6400
89.455712 76.621 33.6174
90.103945 76.547 31.6418
90.756876 76.469 29.7162
91.414537 76.387 27.8427
92.076965 76.302 26.0221
92.744193 76.216 24.2552
93.416255 76.129 22.5414
94.093188 76.044 20.8790
94.775026 75.960 19.2655
95.461805 75.880 17.6979
96.153560 75.804 16.1729
96.850329 75.733 14.6863
97.552146 75.669 13.2332
98.259049 75.613 11.8082
98.971075 75.564 10.4063
99.688260 75.524 9.0224
100.410642 75.494 7.6514
101.138259 75.472 6.2849
101.871149 75.459 4.9155
102.609349 75.455 3.5390
103.352899 75.459 2.1516
104.101836 75.471 0.7499
104.856201 75.490 -0.6693
105.616032 75.514 -2.1088
106.381370 75.545 -3.5705
107.152253 75.579 -5.0558
107.928722 75.616 -6.5658
108.710818 75.656 -8.1011
109.498582 75.697 -9.6609
110.292054 75.738 -11.2450
111.091275 75.779 -12.8524
111.896289 75.818 -14.4818
112.707135 75.856 -16.1316
113.523858 75.892 -17.8002
114.346498 75.924 -19.4860
115.175100 75.953 -21.1866
116.009706 75.979 -22.9002
116.850360 76.000 -24.6248
117.697106 76.017 -26.3588
118.549988 76.030 -28.1005
119.409050 76.039 -29.8480
120.274337 76.044 -31.5996
121.145895 76.043 -33.3540
122.023768 76.039 -35.1102
122.908002 76.030 -36.8671
123.798644 76.016 -38.6237
124.695740 75.998 -40.3788
125.599337 75.976 -42.1317
126.509482 75.950 -43.8811
127.426222 75.919 -45.6265
128.349605 75.884 -47.3665
129.279679 75.845 -49.1002
130.216493 75.802 -50.8269
131.160095 75.756 -52.5460
132.110535 75.706 -54.2567
133.067862 75.653 -55.9586
134.032127 75.596 -57.6511
135.003379 75.537 -59.3344
135.981669 75.475 -61.0085
136.967048 75.409 -62.6732
137.959568 75.340 -64.3281
138.959280 75.267 -65.9723
139.966236 75.190 -67.6046
140.980489 75.108 -69.2228
142.002092 75.020 -70.8240
143.031098 74.925 -72.4048
144.067560 74.824 -73.9611
145.111533 74.715 -75.4885
146.163071 74.597 -76.9826
147.222229 74.471 -78.4384
148.289062 74.336 -79.8515
149.363625 74.192 -81.2173
150.445976 74.039 -82.5327
151.536169 73.876 -83.7953
152.634263 73.705 -85.0036
153.740314 73.527 -86.1573
154.854379 73.340 -87.2576
155.976518 73.148 -88.3066
157.106788 72.950 -89.3074
158.245249 72.747 -90.2626
159.391959 72.541 -91.1755
160.546979 72.333 -92.0496
161.710369 72.124 -92.8874
162.882189 71.915 -93.6904
164.062500 71.709 -94.4587
165.251365 71.507 -95.1913
166.448844 71.310 -95.8852
167.655001 71.120 -96.5355
168.869898 70.940 -97.1351
170.093599 70.772 -97.6753
171.326167 70.617 -98.1453
172.567667 70.478 -98.5316
173.818164 70.358 -98.8191
175.077722 70.258 -98.9919
176.346407 70.180 -99.0318
177.624286 70.127 -98.9199
178.911425 70.099 -98.6395
180.207891 70.099 -98.1765
181.513751 70.125 -97.5236
182.829075 70.178 -96.6816
184.153930 70.258 -95.6636
185.488385 70.363 -94.4978
186.832510 70.491 -93.2290
188.186376 70.640 -91.9172
189.550052 70.806 -90.6337
190.923610 70.987 -89.4548
192.307121 71.180 -88.4540
193.700657 71.381 -87.6943
195.104292 71.586 -87.2246
196.518098 71.794 -87.0770
197.942150 72.000 -87.2661
199.376520 72.204 -87.7921
200.821284 72.401 -88.6438
202.276518 72.592 -89.8034
203.742297 72.774 -91.2479
205.218698 72.946 -92.9521
206.705797 73.107 -94.8907
208.203673 73.257 -97.0394
209.712402 73.395 -99.3756
211.232065 73.520 -101.8785
212.762739 73.633 -104.5294
214.304506 73.732 -107.3123
215.857445 73.818 -110.2120
217.421637 73.888 -113.2153
218.997164 73.944 -116.3093
220.584107 73.983 -119.4821
222.182551 74.005 -122.7222
223.792577 74.010 -126.0188
225.414270 73.996 -129.3604
227.047715 73.964 -132.7347
228.692996 73.912 -136.1304
230.350200 73.840 -139.5355
232.019413 73.749 -142.9376
233.700721 73.638 -146.3242
235.394213 73.507 -149.6837
237.099976 73.357 -153.0032
238.818100 73.188 -156.2693
240.548675 73.000 -159.4691
242.291790 72.794 -162.5894
244.047536 72.571 -165.6167
245.816005 72.332 -168.5381
247.597289 72.076 -171.3413
249.391481 71.806 -174.0146
251.198674 71.521 -176.5483
253.018964 71.224 -178.9342
254.852443 70.916 178.8340
256.699209 70.599 176.7612
258.559357 70.274 174.8512
260.432985 69.945 173.1082
262.320190 69.612 171.5382
264.221070 69.281 170.1516
266.135725 68.953 168.9646
268.064254 68.632 168.0026
270.006758 68.321 167.3010
271.963338 68.025 166.9072
273.934097 67.746 166.8816
275.919136 67.488 167.2959
277.918560 67.252 168.2271
279.932473 67.039 169.7450
281.960979 66.851 171.8923
284.004184 66.684 174.6550
286.062195 66.537 177.9302
288.135120 66.406 -178.4873
290.223066 66.288 -174.8826
292.326142 66.177 -171.5605
294.444458 66.070 -168.7737
296.578124 65.963 -166.6733
298.727251 65.853 -165.3040
300.891952 65.736 -164.6274
303.072339 65.612 -164.5551
305.268526 65.479 -164.9739
307.480627 65.338 -165.7642
309.708759 65.190 -166.8073
311.953036 65.038 -167.9888
314.213576 64.884 -169.1958
316.490498 64.736 -170.3140
318.783918 64.599 -171.2192
321.093958 64.483 -171.7705
323.420737 64.399 -171.7976
325.764377 64.356 -171.0898
328.125000 64.366 -169.3835
330.502729 64.436 -166.3695
332.897688 64.570 -161.7427
335.310002 64.768 -155.3508
337.739796 65.024 -147.4493
340.187198 65.331 -138.8811
342.652335 65.677 -130.8440
345.135335 66.052 -124.3057
347.636328 66.447 -119.6533
350.155444 66.852 -116.8040
352.692815 67.261 -115.4696
355.248572 67.667 -115.3344
357.822850 68.067 -116.1283
360.415782 68.456 -117.6392
363.027503 68.833 -119.7068
365.658150 69.194 -122.2114
368.307860 69.537 -125.0648
370.976770 69.860 -128.2017
373.665021 70.161 -131.5737
376.372752 70.439 -135.1443
379.100104 70.691 -138.8848
381.847219 70.917 -142.7720
384.614242 71.115 -146.7854
387.401315 71.285 -150.9062
390.208585 71.426 -155.1151
393.036197 71.537 -159.3917
395.884299 71.621 -163.7155
398.753040 71.676 -168.0635
401.642569 71.705 -172.4113
404.553037 71.708 -176.7350
407.484595 71.688 178.9900
410.437396 71.645 174.7878
413.411594 71.582 170.6843
416.407345 71.501 166.7078
419.424805 71.402 162.8900
422.464130 71.289 159.2684
425.525479 71.162 155.8862
428.609012 71.024 152.7961
431.714889 70.877 150.0605
434.843274 70.726 147.7507
437.994327 70.575 145.9452
441.168215 70.430 144.7253
444.365101 70.299 144.1636
447.585154 70.192 144.3054
450.828541 70.117 145.1455
454.095430 70.085 146.6033
457.385993 70.103 148.5100
460.700400 70.175 150.6228
464.038825 70.302 152.6667
467.401442 70.480 154.3940
470.788425 70.703 155.6267
474.199952 70.960 156.2710
477.636201 71.243 156.3044
481.097349 71.542 155.7520
484.583579 71.848 154.6631
488.095072 72.153 153.0972
491.632010 72.451 151.1128
495.194578 72.739 148.7650
498.782962 73.011 146.1033
502.397349 73.265 143.1724
506.037927 73.499 140.0129
509.704887 73.712 136.6611
513.398418 73.903 133.1506
517.118715 74.073 129.5117
520.865970 74.220 125.7722
524.640380 74.346 121.9570
528.442140 74.451 118.0894
532.271450 74.536 114.1901
536.128508 74.602 110.2772
540.013516 74.651 106.3666
543.926677 74.683 102.4717
547.868194 74.702 98.6031
551.838273 74.707 94.7688
555.837120 74.702 90.9741
559.864945 74.687 87.2217
563.921957 74.663 83.5132
568.008368 74.629 79.8491
572.124391 74.585 76.2312
576.270240 74.529 72.6619
580.446132 74.461 69.1464
584.652284 74.379 65.6919
588.888915 74.282 62.3088
593.156247 74.167 59.0095
597.454502 74.036 55.8082
601.783903 73.888 52.7185
606.144678 73.725 49.7523
610.537052 73.548 46.9183
614.961255 73.360 44.2207
619.417518 73.162 41.6581
623.906072 72.959 39.2238
628.427153 72.754 36.9048
632.980995 72.550 34.6857
637.567836 72.350 32.5483
642.187916 72.156 30.4746
646.841474 71.971 28.4491
651.528754 71.797 26.4591
656.250000 71.636 24.4951
661.005458 71.486 22.5518
665.795376 71.350 20.6281
670.620004 71.226 18.7266
675.479593 71.115 16.8516
680.374396 71.017 15.0099
685.304670 70.931 13.2075
690.270670 70.858 11.4475
695.272656 70.797 9.7285
700.310888 70.746 8.0450
705.385629 70.703 6.3870
710.497144 70.666 4.7434
715.645700 70.631 3.1034
720.831563 70.594 1.4612
726.055006 70.548 -0.1781
731.316300 70.490 -1.7977
736.615719 70.416 -3.3663
741.953540 70.323 -4.8391
747.330042 70.207 -6.1599
752.745503 70.068 -7.2666
758.200207 69.907 -8.0984
763.694439 69.725 -8.6045
769.228483 69.524 -8.7517
774.802630 69.308 -8.5319
780.417169 69.081 -7.9636
786.072394 68.847 -7.0890
791.768598 68.611 -5.9608
797.506080 68.377 -4.6235
803.285138 68.152 -3.0964
809.106073 67.938 -1.3597
814.969189 67.742 0.6482
820.874792 67.569 3.0200
826.823189 67.424 5.8562
832.814691 67.311 9.2251
838.849609 67.235 13.1140
844.928259 67.197 17.3871
851.050958 67.197 21.7781
857.218024 67.232 25.9441
863.429779 67.297 29.5604
869.686547 67.385 32.4073
875.988654 67.489 34.4015
882.336429 67.602 35.5730
888.730203 67.720 36.0243
895.170308 67.839 35.8906
901.657081 67.956 35.3109
908.190860 68.073 34.4120
914.771985 68.192 33.3018
921.400800 68.314 32.0643
928.077650 68.444 30.7601
934.802884 68.585 29.4259
941.576851 68.738 28.0767
948.399905 68.904 26.7112
955.272401 69.080 25.3170
962.194699 69.260 23.8772
969.167158 69.440 22.3774
976.190143 69.612 20.8123
983.264019 69.768 19.1908
990.389156 69.903 17.5393
997.565924 70.012 15.9011
1004.794698 70.092 14.3334
1012.075854 70.139 12.9037
1019.409773 70.156 11.6814
1026.796836 70.145 10.7285
1034.237430 70.109 10.0873
1041.731940 70.054 9.7670
1049.280759 69.988 9.7355
1056.884280 69.916 9.9156
1064.542900 69.845 10.1929
1072.257016 69.781 10.4332
1080.027033 69.728 10.5088
1087.853354 69.687 10.3201
1095.736387 69.658 9.8064
1103.676545 69.642 8.9468
1111.674240 69.637 7.7520
1119.729890 69.642 6.2548
1127.843914 69.657 4.4968
1136.016736 69.680 2.5212
1144.248782 69.710 0.3668
1152.540480 69.748 -1.9331
1160.892264 69.790 -4.3516
1169.304568 69.835 -6.8676
1177.777830 69.879 -9.4637
1186.312494 69.919 -12.1239
1194.909003 69.950 -14.8319
1203.567807 69.967 -17.5703
1212.289355 69.969 -20.3202
1221.074104 69.950 -23.0597
1229.922510 69.910 -25.7657
1238.835035 69.846 -28.4135
1247.812145 69.757 -30.9746
1256.854306 69.644 -33.4175
1265.961990 69.505 -35.7061
1275.135673 69.342 -37.7983
1284.375831 69.155 -39.6461
1293.682948 68.947 -41.1936
1303.057508 68.720 -42.3799
1312.500000 68.477 -43.1417
1322.010916 68.225 -43.4200
1331.590752 67.970 -43.1685
1341.240008 67.721 -42.3700
1350.959186 67.489 -41.0509
1360.748793 67.285 -39.2905
1370.609339 67.120 -37.2246
1380.541340 67.001 -35.0287
1390.545311 66.935 -32.8916
1400.621776 66.920 -30.9835
1410.771259 66.952 -29.4303
1420.994289 67.021 -28.3049
1431.291399 67.117 -27.6302
1441.663127 67.228 -27.3912
1452.110012 67.343 -27.5469
1462.632600 67.455 -28.0408
1473.231438 67.555 -28.8090
1483.907081 67.640 -29.7871
1494.660083 67.707 -30.9148
1505.491006 67.757 -32.1388
1516.400415 67.788 -33.4154
1527.388877 67.803 -34.7098
1538.456967 67.803 -35.9966
1549.605260 67.791 -37.2578
1560.834338 67.768 -38.4813
1572.144787 67.736 -39.6581
1583.537197 67.698 -40.7806
1595.012160 67.656 -41.8427
1606.570276 67.612 -42.8369
1618.212146 67.570 -43.7560
1629.938378 67.531 -44.5916
1641.749584 67.499 -45.3353
1653.646378 67.475 -45.9810
1665.629381 67.463 -46.5262
1677.699218 67.463 -46.9762
1689.856519 67.476 -47.3440
1702.101915 67.502 -47.6537
1714.436048 67.538 -47.9374
1726.859558 67.584 -48.2323
1739.373094 67.634 -48.5756
1751.977309 67.686 -49.0004
1764.672858 67.735 -49.5311
1777.460405 67.780 -50.1823
1790.340616 67.816 -50.9573
1803.314162 67.843 -51.8500
1816.381720 67.860 -52.8463
1829.543971 67.866 -53.9274
1842.801601 67.863 -55.0719
1856.155301 67.852 -56.2585
1869.605767 67.837 -57.4691
1883.153701 67.822 -58.6906
1896.799809 67.811 -59.9156
1910.544802 67.809 -61.1439
1924.389398 67.821 -62.3816
1938.334317 67.852 -63.6410
1952.380286 67.904 -64.9380
1966.528038 67.980 -66.2921
1980.778311 68.080 -67.7247
1995.131847 68.201 -69.2574
2009.589395 68.341 -70.9099
2024.151708 68.494 -72.6980
2038.819546 68.656 -74.6339
2053.593673 68.819 -76.7247
2068.474859 68.977 -78.9701
2083.463881 69.125 -81.3623
2098.561519 69.256 -83.8859
2113.768561 69.367 -86.5171
2129.085799 69.453 -89.2236
2144.514032 69.512 -91.9641
2160.054065 69.541 -94.6888
2175.706707 69.538 -97.3380
2191.472775 69.502 -99.8428
2207.353090 69.434 -102.1238
2223.348480 69.334 -104.0924
2239.459780 69.205 -105.6523
2255.687829 69.048 -106.7050
2272.033473 68.870 -107.1600
2288.497564 68.676 -106.9521
2305.080960 68.473 -106.0652
2321.784527 68.271 -104.5592
2338.609135 68.079 -102.5867
2355.555661 67.906 -100.3849
2372.624988 67.762 -98.2313
2389.818007 67.653 -96.3834
2407.135613 67.584 -95.0267
2424.578710 67.556 -94.2576
2442.148207 67.569 -94.0935
2459.845020 67.617 -94.4990
2477.670071 67.696 -95.4121
2495.624289 67.798 -96.7625
2513.708612 67.916 -98.4828
2531.923981 68.041 -100.5138
2550.271346 68.167 -102.8038
2568.751663 68.287 -105.3085
2587.365896 68.395 -107.9872
2606.115016 68.486 -110.8016
2625.000000 68.555 -113.7129
2644.021832 68.600 -116.6804
2663.181504 68.617 -119.6599
2682.480015 68.606 -122.6024
2701.918371 68.565 -125.4536
2721.497586 68.495 -128.1541
2741.218679 68.397 -130.6389
2761.082679 68.273 -132.8386
2781.090623 68.125 -134.6820
2801.243552 67.959 -136.1000
2821.542517 67.779 -137.0352
2841.988577 67.592 -137.4532
2862.582798 67.405 -137.3563
2883.326253 67.227 -136.7976
2904.220024 67.066 -135.8876
2925.265199 66.930 -134.7875
2946.462877 66.823 -133.6838
2967.814161 66.749 -132.7554
2989.320166 66.708 -132.1428
3010.982012 66.696 -131.9329
3032.800829 66.709 -132.1583
3054.777754 66.740 -132.8081
3076.913933 66.783 -133.8422
3099.210520 66.830 -135.2037
3121.668677 66.876 -136.8296
3144.289575 66.917 -138.6565
3167.074393 66.950 -140.6234
3190.024320 66.973 -142.6742
3213.140551 66.983 -144.7582
3236.424292 66.982 -146.8302
3259.876757 66.969 -148.8499
3283.499167 66.946 -150.7805
3307.292756 66.914 -152.5916
3331.258763 66.875 -154.2582
3355.398437 66.832 -155.7621
3379.713037 66.791 -157.0951
3404.203831 66.753 -158.2609
3428.872095 66.725 -159.2775
3453.719116 66.709 -160.1757
3478.746188 66.708 -160.9999
3503.954617 66.724 -161.8013
3529.345717 66.758 -162.6318
3554.920811 66.806 -163.5375
3580.681232 66.866 -164.5533
3606.628325 66.935 -165.7004
3632.763440 67.010 -166.9854
3659.087942 67.088 -168.4028
3685.603201 67.167 -169.9387
3712.310601 67.245 -171.5741
3739.211534 67.324 -173.2887
3766.307402 67.402 -175.0637
3793.599618 67.481 -176.8827
3821.089605 67.562 -178.7336
3848.778795 67.644 179.3904
3876.668633 67.729 177.4928
3904.760572 67.816 175.5735
3933.056077 67.904 173.6304
3961.556622 67.992 171.6604
3990.263695 68.080 169.6606
4019.178790 68.164 167.6300
4048.303417 68.243 165.5709
4077.639092 68.316 163.4912
4107.187346 68.380 161.4037
4136.949718 68.435 159.3259
4166.927761 68.480 157.2795
4197.123038 68.517 155.2894
4227.537121 68.545 153.3812
4258.171598 68.568 151.5789
4289.028065 68.587 149.9015
4320.108130 68.605 148.3597
4351.413415 68.624 146.9542
4382.945550 68.648 145.6725
4414.706180 68.676 144.4899
4446.696961 68.710 143.3710
4478.919560 68.749 142.2744
4511.375658 68.791 141.1595
4544.066945 68.834 139.9935
4576.995128 68.873 138.7576
4610.161921 68.906 137.4502
4643.569055 68.929 136.0872
4677.218270 68.943 134.6980
4711.111322 68.945 133.3201
4745.249977 68.938 131.9929
4779.636014 68.924 130.7511
4814.271227 68.907 129.6154
4849.157421 68.893 128.5898
4884.296414 68.886 127.6600
4919.690040 68.893 126.7948
4955.340142 68.916 125.9520
4991.248579 68.956 125.0874
5027.417224 69.013 124.1622
5063.847961 69.085 123.1504
5100.542691 69.166 122.0425
5137.503326 69.253 120.8472
5174.731793 69.341 119.5890
5212.230033 69.426 118.3038
5250.000000 69.506 117.0327
5288.043664 69.578 115.8156
5326.363008 69.645 114.6837
5364.960030 69.707 113.6526
5403.836742 69.766 112.7164
5442.995171 69.826 111.8478
5482.437358 69.887 111.0006
5522.165359 69.951 110.1183
5562.181245 70.018 109.1450
5602.487104 70.088 108.0358
5643.085035 70.157 106.7660
5683.977155 70.223 105.3326
5725.165596 70.284 103.7529
5766.652506 70.336 102.0607
5808.440048 70.378 100.3003
5850.530399 70.407 98.5197
5892.925754 70.425 96.7642
5935.628323 70.430 95.0723
5978.640332 70.424 93.4711
6021.964025 70.408 91.9731
6065.601659 70.384 90.5801
6109.555509 70.352 89.2847
6153.827866 70.313 88.0768
6198.421040 70.269 86.9478
6243.337354 70.219 85.8958
6288.579150 70.165 84.9260
6334.148787 70.108 84.0487
6380.048640 70.051 83.2731
6426.281102 69.994 82.6022
6472.848584 69.942 82.0259
6519.753513 69.896 81.5203
6566.998335 69.858 81.0472
6614.585512 69.828 80.5615
6662.517525 69.807 80.0184
6710.796874 69.792 79.3829
6759.426074 69.783 78.6356
6808.407662 69.777 77.7749
6857.744190 69.772 76.8141
6907.438232 69.768 75.7755
6957.492377 69.765 74.6849
7007.909234 69.762 73.5648
7058.691434 69.763 72.4303
7109.841621 69.768 71.2872
7161.362465 69.779 70.1310
7213.256649 69.798 68.9523
7265.526880 69.823 67.7410
7318.175883 69.855 66.4908
7371.206402 69.892 65.2029
7424.621202 69.934 63.8859
7478.423068 69.977 62.5560
7532.614805 70.021 61.2329
7587.199237 70.064 59.9379
7642.179210 70.107 58.6895
7697.557591 70.149 57.5006
7753.337266 70.190 56.3798
7809.521144 70.231 55.3304
7866.112154 70.271 54.3545
7923.113245 70.312 53.4535
7980.527390 70.353 52.6272
8038.357581 70.396 51.8741
8096.606833 70.441 51.1885
8155.278184 70.488 50.5566
8214.374692 70.536 49.9550
8273.899437 70.585 49.3529
8333.855523 70.633 48.7158
8394.246075 70.679 48.0104
8455.074243 70.721 47.2108
8516.343196 70.758 46.3025
8578.056130 70.788 45.2816
8640.216260 70.811 44.1530
8702.826829 70.826 42.9277
8765.891100 70.833 41.6191
8829.412360 70.833 40.2413
8893.393922 70.825 38.8083
8957.839120 70.808 37.3358
9022.751315 70.782 35.8423
9088.133891 70.747 34.3490
9153.990255 70.703 32.8810
9220.323842 70.651 31.4641
9287.138109 70.593 30.1223
9354.436540 70.532 28.8741
9422.222644 70.470 27.7310
9490.499953 70.412 26.6948
9559.272028 70.361 25.7594
9628.542454 70.320 24.9093
9698.314841 70.291 24.1226
9768.592829 70.273 23.3702
9839.380079 70.266 22.6199
9910.680283 70.267 21.8376
9982.497158 70.272 20.9918
10054.834447 70.278 20.0577
10127.695923 70.279 19.0210
10201.085382 70.273 17.8794
10275.006652 70.255 16.6437
10349.463586 70.224 15.3352
10424.460065 70.178 13.9828
10500.000000 70.116 12.6187
10576.087328 70.039 11.2750
10652.726017 69.947 9.9803
10729.920061 69.841 8.7584
10807.673485 69.723 7.6251
10885.990342 69.594 6.5875
10964.874715 69.457 5.6421
11044.330718 69.315 4.7751
11124.362491 69.170 3.9653
11204.974207 69.026 3.1862
11286.170069 68.886 2.4093
11367.954310 68.752 1.6091
11450.331193 68.626 0.7664
11533.305013 68.510 -0.1321
11616.880095 68.404 -1.0901
11701.060797 68.309 -2.1053
11785.851507 68.222 -3.1686
11871.256646 68.142 -4.2659
11957.280665 68.067 -5.3806
12043.928050 67.997 -6.4956
12131.203317 67.928 -7.5931
12219.111017 67.860 -8.6583
12307.655733 67.792 -9.6791
12396.842080 67.724 -10.6487
12486.674708 67.658 -11.5648
12577.158300 67.594 -12.4294
12668.297573 67.533 -13.2499
12760.097280 67.478 -14.0367
12852.562205 67.430 -14.8033
12945.697169 67.391 -15.5646
13039.507027 67.361 -16.3352
13133.996670 67.341 -17.1278
13229.171024 67.330 -17.9514
13325.035051 67.326 -18.8108
13421.593747 67.329 -19.7043
13518.852148 67.336 -20.6266
13616.815324 67.346 -21.5657
13715.488381 67.357 -22.5083
13814.876464 67.368 -23.4402
13914.984753 67.379 -24.3468
14015.818469 67.388 -25.2162
14117.382867 67.398 -26.0406
14219.683243 67.407 -26.8174
14322.724929 67.418 -27.5480
14426.513298 67.430 -28.2380
14531.053761 67.445 -28.8960
14636.351766 67.461 -29.5322
14742.412805 67.480 -30.1570
14849.242405 67.501 -30.7769
14956.846137 67.523 -31.3965
15065.229609 67.547 -32.0176
15174.398473 67.573 -32.6381
15284.358420 67.600 -33.2527
15395.115182 67.627 -33.8564
15506.674532 67.657 -34.4441
15619.042288 67.687 -35.0114
15732.224307 67.718 -35.5558
15846.226490 67.749 -36.0779
15961.054779 67.780 -36.5800
16076.715162 67.809 -37.0663
16193.213667 67.835 -37.5424
16310.556368 67.857 -38.0142
16428.749383 67.873 -38.4869
16547.798874 67.883 -38.9647
16667.711046 67.883 -39.4502
16788.492151 67.875 -39.9451
16910.148485 67.857 -40.4502
17032.686392 67.830 -40.9647
17156.112259 67.793 -41.4897
17280.432521 67.747 -42.0273
17405.653658 67.693 -42.5762
17531.782199 67.632 -43.1395
17658.824720 67.566 -43.7365
17786.787844 67.497 -44.3582
17915.678240 67.426 -44.9644
18045.502630 67.355 -45.5717
18176.267781 67.286 -46.1991
18307.980510 67.221 -46.8496
18440.647684 67.161 -47.5283
18574.276219 67.108 -48.2394
18708.873081 67.062 -48.9868
18844.445288 67.023 -49.7747
18980.999906 66.992 -50.6077
19118.544056 66.967 -51.4908
19257.084907 66.949 -52.4298
19396.629683 66.936 -53.4315
19537.185657 66.928 -54.5046
19678.760158 66.924 -55.6598
19821.360566 66.923 -56.9100
19964.994316 66.925 -58.2853
20109.668895 66.930 -59.5941
20255.391845 66.935 -60.9205
20402.170764 66.941 -62.3556
20550.013304 66.947 -63.9003
20698.927171 66.952 -65.5514
20848.920130 66.956 -67.3016
21000.000000 66.960 -69.1399
21152.174657 66.962 -71.0516
21305.452034 66.963 -73.0211
21459.840122 66.964 -75.0331
21615.346970 66.964 -77.0750
21771.980684 66.964 -79.1384
21929.749431 66.964 -81.2191
22088.661435 66.964 -83.3156
